0,562
0,561
68,35
3,2
3,1
3,3
10,110
10,192
10,290
10,276
10,182
10,104
10,154
10,188
10,2
10,3
11,20
11,24
11,22
11,7
11,4
11,14
11,27
11,26
9,7
9,4
9,6
9,2
9,3
8,11
8,17
42,11
42,10
42,9
42,8
42,7
42,6
42,5
42,4
42,3
8,12
8,4
8,2
8,3
0,318
42,2
42,1
41,5
41,4
41,3
41,2
41,1
40,162
40,161
40,160
40,159
40,158
40,157
40,156
40,155
40,154
40,153
40,152
40,151
40,150
40,149
40,148
40,147
40,146
40,145
40,144
40,143
40,142
40,141
40,140
40,139
40,138
40,137
40,136
40,135
40,134
40,133
40,132
40,131
40,130
40,129
40,128
40,127
40,126
40,125
40,124
40,123
40,122
40,121
40,120
40,119
40,118
40,117
40,116
40,115
40,114
40,113
40,112
40,111
40,110
40,109
40,108
40,101
40,99
40,98
40,84
40,68
40,10
40,7
40,6
40,5
40,4
40,3
40,1
36,4
36,3
36,1
35,5
35,4
35,3
35,1
34,3
34,1
32,5
32,4
